97 72 2
97 38 2
97 98 2
97 99 3
97 96 1
72 12 1
72 71 8
72 52 2
72 74 3
72 60 1
72 59 4
72 27 2
99 100 2
99 96 1
99 98 1
100 12 2
100 91 1
100 98 2
100 38 2
100 101 1
71 38 23
71 13 1
71 40 3
71 59 1
71 52 8
38 44 31
38 79 1
38 74 1
38 101 4
38 39 1
38 1 1
38 60 4
38 46 6
38 59 1
38 27 1
38 45 2
38 56 27
38 75 5
38 43 4
38 76 10
38 52 17
40 41 3
40 50 1
40 63 2
40 2 6
40 51 2
40 30 6
40 43 4
40 76 3
40 68 1
40 39 2
40 52 1
40 56 9
40 69 5
40 65 1
41 42 1
41 46 1
41 43 1
19 18 5
18 14 3
18 3 1
18 1 11
0 14 13
0 23 2
0 11 2
0 9 8
0 17 7
0 1 37
0 26 12
0 12 9
0 7 2
0 15 4
0 2 15
0 10 17
0 21 1
0 5 2
0 52 3
0 24 1
14 1 1
14 4 2
14 12 1
82 65 3
82 83 9
82 12 8
65 36 8
65 30 8
65 67 10
65 2 10
65 81 1
23 109 1
23 43 1
23 4 3
23 7 1
23 46 1
23 5 2
42 44 2
42 104 2
42 43 8
42 56 17
44 48 2
44 46 1
44 39 1
44 45 1
56 21 8
56 15 9
56 60 1
56 59 1
56 58 1
103 102 2
103 15 1
103 81 2
103 93 1
102 93 1
3 24 1
3 1 34
3 98 2
3 26 1
3 12 4
3 2 1
3 96 1
24 25 2
24 6 1
24 5 1
24 11 2
37 35 9
37 30 14
37 58 2
37 12 1
37 29 1
35 29 1
35 30 1
35 31 1
35 12 1
12 29 2
12 75 2
12 5 6
12 13 1
12 1 6
12 68 2
12 30 9
12 60 1
12 101 2
12 36 1
12 4 1
109 4 1
109 107 4
109 108 2
67 63 2
67 88 1
67 89 3
63 70 7
63 62 2
63 88 2
63 30 3
47 66 2
47 46 1
47 30 7
77 76 9
77 80 7
77 75 1
77 27 2
77 81 1
76 87 2
76 75 2
76 60 1
11 1 6
11 10 1
92 74 2
92 34 2
74 93 6
74 91 7
74 86 9
74 34 4
9 10 3
9 1 1
9 5 2
1 52 5
1 17 2
1 5 15
1 4 9
1 2 2
1 22 1
1 26 1
1 16 1
1 7 1
1 25 3
1 6 4
93 106 1
30 29 23
30 2 9
30 69 1
30 32 10
30 68 1
30 36 1
30 31 8
30 8 2
30 33 11
89 58 2
58 51 3
58 84 3
58 60 1
58 64 3
48 84 2
48 43 4
17 75 1
17 5 1
75 60 1
27 79 4
91 59 8
91 105 2
25 5 2
104 60 1
2 29 1
2 5 2
2 68 1
2 28 4
29 8 2
8 32 2
8 31 2
36 31 1
54 55 8
51 15 1
51 57 1
51 84 2
51 87 1
87 85 1
5 15 1
5 52 1
5 4 1
94 86 4
62 52 1
4 10 1
4 107 6
4 20 1
4 108 2
4 98 1
32 31 1
43 45 1
52 7 1
107 108 3
60 106 5
34 90 5
34 15 1
81 28 1
57 22 1
