121 213 2
121 2 1
121 26 1
179 26 1
26 79 1
26 14 1
26 69 1
26 86 2
26 229 1
26 178 1
26 27 1
26 202 1
26 29 1
171 116 1
171 163 1
171 0 2
116 127 1
116 80 1
116 22 1
53 32 1
53 66 1
53 2 1
32 21 1
32 75 1
36 199 1
36 25 1
36 87 1
36 115 1
36 177 1
36 34 1
36 207 1
36 3 1
199 117 1
34 147 1
119 151 1
151 28 2
170 114 1
114 84 1
205 191 1
154 127 1
154 79 1
154 19 1
154 150 1
127 187 1
127 18 1
127 139 1
31 102 1
31 145 1
102 163 1
52 15 1
52 7 3
52 139 1
15 148 1
15 150 2
15 161 1
15 44 1
15 125 1
15 10 2
15 63 1
15 194 1
15 218 2
15 165 2
15 13 1
57 11 1
57 3 1
57 92 1
57 27 1
11 167 1
11 100 1
11 107 1
11 58 1
100 46 1
100 40 1
46 50 1
46 231 1
46 137 1
54 177 1
54 87 1
54 188 1
54 207 1
54 145 1
177 7 1
177 95 1
84 59 1
84 68 1
84 193 1
84 149 1
84 219 1
84 183 1
84 35 1
84 237 1
84 10 1
84 131 1
84 78 1
84 176 1
59 164 1
59 95 1
59 218 1
59 186 1
59 92 1
59 192 1
59 141 1
149 158 1
149 44 1
158 196 1
158 200 1
40 77 1
40 74 1
77 6 3
89 61 1
89 145 1
79 148 1
79 29 1
194 135 1
194 86 1
193 13 1
50 141 1
148 182 2
148 8 1
133 216 1
216 142 1
176 7 1
176 91 1
7 86 1
7 44 1
7 225 2
51 27 2
51 172 2
51 108 1
51 92 1
198 16 2
16 136 1
16 90 2
16 200 1
16 4 1
130 28 1
130 195 1
28 156 1
13 63 1
6 12 2
6 39 1
136 62 1
136 90 1
150 126 1
25 90 1
25 92 1
182 19 1
164 131 1
8 132 1
8 224 1
132 30 1
132 211 1
132 169 1
21 87 1
14 202 1
14 70 1
20 42 1
20 0 1
42 223 1
19 124 1
19 99 1
19 23 1
80 218 2
80 109 1
41 92 1
92 4 1
92 87 1
92 129 1
2 22 1
2 223 1
173 55 1
173 5 1
173 101 1
125 45 1
145 24 1
145 162 1
86 223 1
67 22 1
22 0 1
22 97 1
192 163 1
163 231 1
124 64 1
186 131 1
206 24 1
206 188 1
24 208 1
24 160 1
169 142 1
126 235 1
126 212 1
12 134 1
12 78 2
49 98 1
98 224 1
175 231 1
90 200 1
140 47 1
74 230 1
211 180 1
139 221 1
45 226 1
64 103 1
48 190 1
236 76 1
138 111 1
201 103 1
166 1 1
