407 396 5
407 346 1
407 256 1
407 265 1
396 0 5
396 349 1
396 379 1
396 341 6
396 235 6
396 409 7
396 399 8
396 410 9
396 284 1
396 418 1
396 178 4
396 189 3
396 402 6
396 306 1
396 268 4
396 404 2
396 432 4
396 222 1
396 413 4
396 17 6
396 435 2
396 366 2
396 339 2
396 39 4
396 427 2
396 350 3
396 195 2
396 274 2
396 419 3
396 157 1
396 361 2
396 438 3
396 4 1
396 160 1
396 380 2
396 342 2
396 364 5
396 304 1
396 372 2
396 383 1
396 239 2
396 403 2
396 152 1
396 209 1
396 422 4
396 201 4
396 416 4
396 367 3
396 329 1
396 340 1
396 397 3
396 436 1
396 398 3
396 59 3
396 417 3
396 428 3
396 155 2
396 166 1
396 381 2
396 196 3
396 332 1
396 400 3
396 430 2
396 420 3
396 431 3
396 92 1
396 237 1
396 382 2
396 54 1
396 210 3
396 267 3
396 412 4
396 16 2
396 423 7
396 153 5
396 414 3
396 319 2
396 202 1
396 376 3
396 415 8
396 38 2
0 265 1
0 153 1
173 40 1
173 280 1
173 254 2
40 375 1
40 297 1
40 135 1
40 192 1
40 310 1
40 299 1
40 48 1
40 261 1
40 253 1
40 272 1
40 176 1
40 187 2
40 138 1
40 245 1
40 392 1
40 327 1
40 87 1
40 204 2
40 98 1
40 234 1
40 90 1
40 158 1
40 186 1
40 254 1
40 344 1
40 93 1
40 374 1
40 6 1
40 51 1
40 336 1
40 219 1
40 298 1
40 249 1
40 293 1
40 145 1
40 358 1
40 271 1
40 205 1
40 233 1
40 113 1
40 269 1
40 220 1
335 358 1
335 348 1
335 277 1
358 384 3
358 158 1
358 208 3
358 279 1
358 192 1
358 290 1
358 1 1
358 408 1
358 113 1
358 114 1
358 231 1
358 130 1
144 22 1
22 241 1
22 61 1
19 9 1
19 51 1
110 267 1
110 196 3
110 265 1
110 338 1
110 17 2
267 342 1
267 326 1
267 195 1
267 152 1
267 288 1
267 341 1
267 235 1
267 17 1
267 366 1
267 339 1
267 265 1
267 350 2
405 319 1
319 441 1
375 87 1
297 360 1
297 98 1
297 272 1
297 158 2
297 109 4
297 55 2
297 330 1
297 437 1
297 186 1
297 298 2
297 200 1
297 220 1
297 365 1
297 327 1
297 299 1
135 97 1
306 178 1
178 124 1
178 39 1
178 256 7
178 350 5
178 274 1
178 372 1
178 288 1
178 153 1
178 265 1
178 333 1
17 350 1
17 111 1
17 5 1
17 54 1
17 172 1
17 235 1
17 320 2
17 181 1
17 124 1
17 39 1
17 157 1
350 339 1
350 39 3
350 347 1
350 309 1
350 189 1
350 380 3
350 353 1
350 364 3
350 372 1
350 383 1
350 435 1
350 203 2
350 367 1
350 265 2
350 427 1
350 195 2
350 256 2
350 5 1
350 16 3
350 288 1
350 376 1
350 196 3
350 235 1
350 314 2
350 284 2
350 268 1
350 260 1
203 202 1
203 256 1
203 320 1
202 153 2
202 16 1
349 348 1
349 254 1
349 330 1
56 3 1
346 429 1
192 261 1
192 187 4
307 277 1
277 34 2
277 326 1
277 329 1
277 89 1
277 381 1
277 179 2
277 92 1
277 248 1
277 98 1
277 90 1
277 158 1
277 292 1
277 186 2
277 109 2
277 148 1
277 63 1
277 93 1
277 145 1
277 88 1
277 274 1
277 4 1
279 206 2
279 187 1
279 308 1
279 280 1
279 261 6
279 93 1
279 204 1
279 254 5
279 272 1
279 77 1
206 77 1
206 122 1
206 220 1
206 261 2
206 204 2
206 226 1
206 114 1
206 308 1
418 379 2
379 209 1
379 288 1
379 292 1
379 404 3
310 261 2
310 93 1
360 104 1
48 269 1
98 269 1
98 204 1
100 96 1
100 293 1
96 76 1
96 283 1
96 14 1
96 240 1
96 224 1
96 140 1
96 78 1
272 254 1
272 261 2
265 196 2
265 268 3
265 366 1
265 309 1
265 153 1
265 195 1
265 189 1
265 380 1
265 364 1
265 353 1
265 372 1
265 239 1
265 367 1
265 59 1
265 13 1
265 16 3
265 403 1
265 182 1
218 51 1
218 241 2
51 385 1
51 240 1
51 183 1
51 224 1
51 107 1
51 58 1
51 137 4
51 303 1
51 322 2
51 159 1
51 143 1
51 211 1
51 230 2
51 86 1
51 154 1
51 105 1
51 184 1
51 370 2
51 217 1
51 324 1
51 258 1
51 18 1
51 326 1
51 2 1
51 215 1
51 139 3
326 156 1
326 12 1
326 42 1
326 47 1
326 293 1
261 205 1
261 374 1
261 249 1
261 282 2
261 285 2
261 204 3
261 93 1
261 248 1
386 318 1
386 160 1
318 160 1
318 332 1
318 338 2
318 390 1
318 371 1
318 440 1
318 391 1
235 256 1
371 275 1
371 390 1
371 160 1
275 153 1
275 391 1
275 256 1
77 424 2
77 254 1
77 87 1
39 5 1
39 153 1
39 256 4
39 380 1
39 196 1
39 284 1
394 160 1
394 352 1
160 352 1
160 440 1
160 391 1
212 269 2
269 280 1
269 226 1
269 336 1
269 281 1
269 290 1
269 186 1
269 113 1
269 249 1
269 200 1
269 187 2
269 321 1
269 220 1
113 254 1
254 106 2
254 234 2
254 321 1
254 248 2
254 308 1
254 87 1
254 243 1
254 300 1
254 363 1
254 200 1
254 271 2
254 233 1
254 263 1
249 187 2
249 93 1
187 176 2
187 88 1
187 248 1
187 122 1
187 114 1
395 241 9
241 402 1
241 185 1
241 387 2
241 147 2
241 215 2
241 117 1
241 128 3
241 140 1
241 322 1
241 33 1
241 63 1
241 385 1
241 180 1
241 325 1
241 393 13
241 287 1
241 317 3
241 134 5
241 377 1
241 156 1
241 369 1
241 107 1
241 426 2
241 175 2
241 69 1
241 293 1
241 216 1
241 129 3
241 153 6
241 45 1
241 37 2
241 193 1
241 378 1
241 184 1
241 223 1
241 119 1
241 389 1
241 283 1
241 324 4
241 313 1
241 35 1
42 221 1
42 76 1
221 125 1
221 21 1
221 128 2
221 85 1
221 151 1
347 256 2
280 234 1
280 345 1
270 246 1
270 8 4
270 115 4
246 229 1
246 115 1
246 107 1
246 391 1
322 293 1
293 82 1
293 301 1
293 102 1
293 378 1
293 21 1
293 302 1
82 69 1
10 8 1
10 86 1
8 174 1
8 147 2
8 117 1
8 109 1
8 62 1
8 49 1
8 369 1
8 303 1
8 148 1
8 143 1
8 66 5
8 119 1
8 43 2
309 256 1
196 153 2
196 256 2
153 237 2
153 16 1
153 189 3
153 432 1
153 181 1
153 260 1
153 195 1
153 54 1
153 209 1
153 182 1
236 198 3
198 215 1
373 352 1
229 204 1
204 163 1
204 290 1
204 285 1
70 287 4
70 128 19
70 123 44
70 14 3
287 45 1
256 314 1
256 333 1
256 284 3
256 189 3
256 268 2
256 142 1
256 260 1
256 320 1
256 388 1
256 427 1
256 195 4
256 274 1
256 380 2
256 364 2
256 372 2
256 121 3
256 239 1
256 441 1
256 124 1
256 166 1
256 381 2
256 5 1
256 13 1
256 237 2
256 16 1
256 172 2
174 115 1
164 88 1
164 200 1
88 186 1
88 363 1
88 374 1
88 104 1
88 331 1
88 282 1
88 315 1
88 220 1
88 337 1
401 437 1
401 404 1
401 406 1
437 329 1
43 45 2
45 84 1
45 240 1
45 303 1
45 14 1
45 126 1
45 115 1
45 69 2
45 94 1
85 60 1
85 193 1
85 216 1
60 61 1
60 78 2
209 320 1
200 321 1
69 84 3
69 149 3
69 94 2
69 105 2
84 94 1
84 149 1
404 292 1
404 388 1
115 140 1
115 161 1
115 325 1
115 151 2
115 102 1
115 302 1
138 354 1
138 330 1
230 132 1
132 5 2
268 251 1
119 44 1
44 323 1
245 93 1
380 16 1
380 262 1
169 166 1
142 167 1
128 134 2
186 93 1
140 369 1
140 389 1
140 439 1
140 126 1
441 388 1
62 434 1
62 63 1
234 177 1
134 14 1
125 49 1
122 345 1
123 216 1
33 286 1
313 286 1
336 345 1
208 97 1
35 133 1
35 368 1
193 175 1
97 345 1
47 52 1
377 434 2
243 337 1
436 434 2
403 421 1
242 150 8
150 101 1
